364 179 195
364 179 195
364 179 195
364 64 55
364 60 55
364 49 55
364 38 55
364 34 55
364 28 55
364 15 55
364 121 43
364 108 43
364 95 43
364 85 43
364 72 43
364 59 43
364 38 43
364 25 43
364 15 43
364 275 63
364 245 63
364 270 52
364 261 52
364 248 52
364 235 52
364 281 41
364 265 41
364 252 41
364 239 41
364 230 41
364 260 19
364 296 8
364 283 8
364 279 8
364 270 8
364 266 8
364 256 8
364 243 8
364 230 8
364 56 19
364 47 27
364 34 27
364 10 19
364 38 8
364 25 8
364 15 8
364 268 190
364 281 190
364 294 190
290 179 195
290 179 195
290 179 195
290 64 55
290 60 55
290 49 55
290 38 55
290 34 55
290 28 55
290 15 55
290 121 43
290 108 43
290 95 43
290 85 43
290 72 43
290 59 43
290 38 43
290 25 43
290 15 43
290 275 63
290 245 63
290 270 52
290 261 52
290 248 52
290 235 52
290 281 41
290 265 41
290 252 41
290 239 41
290 230 41
290 260 19
290 296 8
290 283 8
290 279 8
290 270 8
290 266 8
290 256 8
290 243 8
290 230 8
290 56 19
290 47 27
290 34 27
290 10 19
290 38 8
290 25 8
290 15 8
290 268 190
290 281 190
290 294 190
290 459 129
290 399 58
290 179 195
290 179 195
290 179 195
290 64 55
290 60 55
290 49 55
290 38 55
290 34 55
290 28 55
290 15 55
290 121 43
290 108 43
290 95 43
290 85 43
290 72 43
290 59 43
290 38 43
290 25 43
290 15 43
290 275 63
290 245 63
290 270 52
290 261 52
290 248 52
290 235 52
290 281 41
290 265 41
290 252 41
290 239 41
290 230 41
290 260 19
290 296 8
290 283 8
290 279 8
290 270 8
290 266 8
290 256 8
290 243 8
290 230 8
290 56 19
290 47 27
290 34 27
290 10 19
290 38 8
290 25 8
290 15 8
290 268 190
290 281 190
290 294 190
290 182 124
290 255 109
290 193 95
290 173 86
290 461 78
290 179 195
290 179 195
290 179 195
290 64 55
290 60 55
290 49 55
290 38 55
290 34 55
290 28 55
290 15 55
290 121 43
290 108 43
290 95 43
290 85 43
290 72 43
290 59 43
290 38 43
290 25 43
290 15 43
290 275 63
290 245 63
290 270 52
290 261 52
290 248 52
290 235 52
290 281 41
290 265 41
290 252 41
290 239 41
290 230 41
290 260 19
290 296 8
290 283 8
290 279 8
290 270 8
290 266 8
290 256 8
290 243 8
290 230 8
290 56 19
290 47 27
290 34 27
290 10 19
290 38 8
290 25 8
290 15 8
290 268 190
290 281 190
290 294 190
290 183 123
290 259 108
65451 196 92
65451 174 81
65451 179 195
65451 179 195
65451 179 195
65451 64 55
65451 60 55
65451 49 55
65451 38 55
65451 34 55
65451 28 55
65451 15 55
65451 121 43
65451 108 43
65451 95 43
65451 85 43
65451 72 43
65451 59 43
65451 38 43
65451 25 43
65451 15 43
65451 275 63
65451 245 63
65451 270 52
65451 261 52
65451 248 52
65451 235 52
65451 281 41
65451 265 41
65451 252 41
65451 239 41
65451 230 41
65451 260 19
65451 296 8
65451 283 8
65451 279 8
65451 270 8
65451 266 8
65451 256 8
65451 243 8
65451 230 8
65451 56 19
65451 47 27
65451 34 27
65451 10 19
65451 38 8
65451 25 8
65451 15 8
65451 268 190
65451 281 190
65451 294 190
65451 183 124
65451 259 108
65451 196 92
65451 174 82
65451 179 195
65451 179 195
65451 179 195
65451 64 55
65451 60 55
65451 49 55
65451 38 55
65451 34 55
65451 28 55
65451 15 55
65451 121 43
65451 108 43
65451 95 43
65451 85 43
65451 72 43
65451 59 43
65451 38 43
65451 25 43
65451 15 43
65451 275 63
65451 245 63
65451 270 52
65451 261 52
65451 248 52
65451 235 52
65451 281 41
65451 265 41
65451 252 41
65451 239 41
65451 230 41
65451 260 19
65451 296 8
65451 283 8
65451 279 8
65451 270 8
65451 266 8
65451 256 8
65451 243 8
65451 230 8
65451 56 19
65451 47 27
65451 34 27
65451 10 19
65451 38 8
65451 25 8
65451 15 8
65451 268 190
65451 281 190
65451 294 190
65451 183 124
65451 259 108
65451 196 92
65451 174 82
65451 179 195
65451 179 195
65451 179 195
65451 64 55
65451 60 55
65451 49 55
65451 38 55
65451 34 55
65451 28 55
65451 15 55
65451 121 43
65451 108 43
65451 95 43
65451 85 43
65451 72 43
65451 59 43
65451 38 43
65451 25 43
65451 15 43
65451 275 63
65451 245 63
65451 270 52
65451 261 52
65451 248 52
65451 235 52
65451 281 41
65451 265 41
65451 252 41
65451 239 41
65451 230 41
65451 260 19
65451 296 8
65451 283 8
65451 279 8
65451 270 8
65451 266 8
65451 256 8
65451 243 8
65451 230 8
65451 56 19
65451 47 27
65451 34 27
65451 10 19
65451 38 8
65451 25 8
65451 15 8
65451 268 190
65451 281 190
65451 294 190
25 183 186
25 170 186
25 157 186
25 147 186
25 134 186
25 121 186
25 193 170
25 183 170
25 170 170
25 157 170
25 148 170
25 127 170
25 117 170
25 169 154
25 165 154
25 156 154
25 142 154
25 191 138
25 178 138
25 165 138
25 156 138
25 146 138
25 133 138
25 120 138
25 186 122
25 177 122
25 167 122
25 163 122
25 154 122
25 144 122
25 131 122
25 121 122
25 193 90
25 174 90
25 159 90
25 146 90
25 127 90
25 109 90
25 183 124
25 259 108
65451 196 92
65451 174 82
65451 179 195
65451 179 195
65451 179 195
65451 64 55
65451 60 55
65451 49 55
65451 38 55
65451 34 55
65451 28 55
65451 15 55
65451 121 43
65451 108 43
65451 95 43
65451 85 43
65451 72 43
65451 59 43
65451 38 43
65451 25 43
65451 15 43
65451 275 63
65451 245 63
65451 270 52
65451 261 52
65451 248 52
65451 235 52
65451 281 41
65451 265 41
65451 252 41
65451 239 41
65451 230 41
65451 260 19
65451 296 8
65451 283 8
65451 279 8
65451 270 8
65451 266 8
65451 256 8
65451 243 8
65451 230 8
65451 56 19
65451 47 27
65451 34 27
65451 10 19
65451 38 8
65451 25 8
65451 15 8
65451 268 190
65451 281 190
65451 294 190
25 183 186
25 170 186
25 157 186
25 147 186
25 134 186
25 121 186
25 193 170
25 183 170
25 170 170
25 157 170
25 148 170
25 127 170
25 117 170
25 169 154
25 165 154
25 156 154
25 142 154
25 191 138
25 178 138
25 165 138
25 156 138
25 146 138
25 133 138
25 120 138
25 186 122
25 177 122
25 167 122
25 163 122
25 154 122
25 144 122
25 131 122
25 121 122
25 193 90
25 174 90
25 159 90
25 146 90
25 127 90
25 109 90
25 183 124
25 259 108
65451 196 92
65451 174 82
65451 179 195
65451 179 195
65451 179 195
65451 64 55
65451 60 55
65451 49 55
65451 38 55
65451 34 55
65451 28 55
65451 15 55
65451 121 43
65451 108 43
65451 95 43
65451 85 43
65451 72 43
65451 59 43
65451 38 43
65451 25 43
65451 15 43
65451 275 63
65451 245 63
65451 270 52
65451 261 52
65451 248 52
65451 235 52
65451 281 41
65451 265 41
65451 252 41
65451 239 41
65451 230 41
65451 260 19
65451 296 8
65451 283 8
65451 279 8
65451 270 8
65451 266 8
65451 256 8
65451 243 8
65451 230 8
65451 56 19
65451 47 27
65451 34 27
65451 10 19
65451 38 8
65451 25 8
65451 15 8
65451 268 190
65451 281 190
65451 294 190
25 183 186
25 170 186
25 157 186
25 147 186
25 134 186
25 121 186
25 193 170
25 183 170
25 170 170
25 157 170
25 148 170
25 127 170
25 117 170
25 169 154
25 165 154
25 156 154
25 142 154
25 191 138
25 178 138
25 165 138
25 156 138
25 146 138
25 133 138
25 120 138
25 186 122
25 177 122
25 167 122
25 163 122
25 154 122
25 144 122
25 131 122
25 121 122
25 193 90
25 174 90
25 159 90
25 146 90
25 127 90
25 109 90
25 183 124
25 259 108
65451 196 92
65451 174 82
65451 179 195
65451 179 195
65451 179 195
65451 64 55
65451 60 55
65451 49 55
65451 38 55
65451 34 55
65451 28 55
65451 15 55
65451 121 43
65451 108 43
65451 95 43
65451 85 43
65451 72 43
65451 59 43
65451 38 43
65451 25 43
65451 15 43
65451 275 63
65451 245 63
65451 270 52
65451 261 52
65451 248 52
65451 235 52
65451 281 41
65451 265 41
65451 252 41
65451 239 41
65451 230 41
65451 260 19
65451 296 8
65451 283 8
65451 279 8
65451 270 8
65451 266 8
65451 256 8
65451 243 8
65451 230 8
65451 56 19
65451 47 27
65451 34 27
65451 10 19
65451 38 8
65451 25 8
65451 15 8
65451 268 190
65451 281 190
65451 294 190
25 183 186
25 170 186
25 157 186
25 147 186
25 134 186
25 121 186
25 193 170
25 183 170
25 170 170
25 157 170
25 148 170
25 127 170
25 117 170
25 169 154
25 165 154
25 156 154
25 142 154
25 191 138
25 178 138
25 165 138
25 156 138
25 146 138
25 133 138
25 120 138
25 186 122
25 177 122
25 167 122
25 163 122
25 154 122
25 144 122
25 131 122
25 121 122
25 193 90
25 174 90
25 159 90
25 146 90
25 127 90
25 109 90
25 183 124
25 259 108
65451 196 92
65451 174 82
65451 179 195
65451 179 195
65451 179 195
65451 64 55
65451 60 55
65451 49 55
65451 38 55
65451 34 55
65451 28 55
65451 15 55
65451 121 43
65451 108 43
65451 95 43
65451 85 43
65451 72 43
65451 59 43
65451 38 43
65451 25 43
65451 15 43
65451 275 63
65451 245 63
65451 270 52
65451 261 52
65451 248 52
65451 235 52
65451 281 41
65451 265 41
65451 252 41
65451 239 41
65451 230 41
65451 260 19
65451 296 8
65451 283 8
65451 279 8
65451 270 8
65451 266 8
65451 256 8
65451 243 8
65451 230 8
65451 56 19
65451 47 27
65451 34 27
65451 10 19
65451 38 8
65451 25 8
65451 15 8
65451 268 190
65451 281 190
65451 294 190
25 183 186
25 170 186
25 157 186
25 147 186
25 134 186
25 121 186
25 193 170
25 183 170
25 170 170
25 157 170
25 148 170
25 127 170
25 117 170
25 169 154
25 165 154
25 156 154
25 142 154
25 191 138
25 178 138
25 165 138
25 156 138
25 146 138
25 133 138
25 120 138
25 186 122
25 177 122
25 167 122
25 163 122
25 154 122
25 144 122
25 131 122
25 121 122
25 193 90
25 174 90
25 159 90
25 146 90
25 127 90
25 109 90
25 183 124
25 259 108
65451 196 92
65451 174 82
65451 179 195
65451 179 195
65451 179 195
65451 64 55
65451 60 55
65451 49 55
65451 38 55
65451 34 55
65451 28 55
65451 15 55
65451 121 43
65451 108 43
65451 95 43
65451 85 43
65451 72 43
65451 59 43
65451 38 43
65451 25 43
65451 15 43
65451 275 63
65451 245 63
65451 270 52
65451 261 52
65451 248 52
65451 235 52
65451 281 41
65451 265 41
65451 252 41
65451 239 41
65451 230 41
65451 260 19
65451 296 8
65451 283 8
65451 279 8
65451 270 8
65451 266 8
65451 256 8
65451 243 8
65451 230 8
65451 56 19
65451 47 27
65451 34 27
65451 10 19
65451 38 8
65451 25 8
65451 15 8
65451 268 190
65451 281 190
65451 294 190
25 183 186
25 170 186
25 157 186
25 147 186
25 134 186
25 121 186
25 193 170
25 183 170
25 170 170
25 157 170
25 148 170
25 127 170
25 117 170
25 169 154
25 165 154
25 156 154
25 142 154
25 191 138
25 178 138
25 165 138
25 156 138
25 146 138
25 133 138
25 120 138
25 186 122
25 177 122
25 167 122
25 163 122
25 154 122
25 144 122
25 131 122
25 121 122
25 193 90
25 174 90
25 159 90
25 146 90
25 127 90
25 109 90
25 183 124
25 259 108
65451 196 92
65451 174 82
65451 179 195
65451 179 195
65451 179 195
65451 64 55
65451 60 55
65451 49 55
65451 38 55
65451 34 55
65451 28 55
65451 15 55
65451 121 43
65451 108 43
65451 95 43
65451 85 43
65451 72 43
65451 59 43
65451 38 43
65451 25 43
65451 15 43
65451 275 63
65451 245 63
65451 270 52
65451 261 52
65451 248 52
65451 235 52
65451 281 41
65451 265 41
65451 252 41
65451 239 41
65451 230 41
65451 260 19
65451 296 8
65451 283 8
65451 279 8
65451 270 8
65451 266 8
65451 256 8
65451 243 8
65451 230 8
65451 56 19
65451 47 27
65451 34 27
65451 10 19
65451 38 8
65451 25 8
65451 15 8
65451 268 190
65451 281 190
65451 294 190
25 183 186
25 170 186
25 157 186
25 147 186
25 134 186
25 121 186
25 193 170
25 183 170
25 170 170
25 157 170
25 148 170
25 127 170
25 117 170
25 169 154
25 165 154
25 156 154
25 142 154
25 191 138
25 178 138
25 165 138
25 156 138
25 146 138
25 133 138
25 120 138
25 186 122
25 177 122
25 167 122
25 163 122
25 154 122
25 144 122
25 131 122
25 121 122
25 193 90
25 174 90
25 159 90
25 146 90
25 127 90
25 109 90
25 183 124
25 259 108
65451 196 92
65451 174 82
65451 179 195
65451 179 195
65451 179 195
65451 64 55
65451 60 55
65451 49 55
65451 38 55
65451 34 55
65451 28 55
65451 15 55
65451 121 43
65451 108 43
65451 95 43
65451 85 43
65451 72 43
65451 59 43
65451 38 43
65451 25 43
65451 15 43
65451 275 63
65451 245 63
65451 270 52
65451 261 52
65451 248 52
65451 235 52
65451 281 41
65451 265 41
65451 252 41
65451 239 41
65451 230 41
65451 260 19
65451 296 8
65451 283 8
65451 279 8
65451 270 8
65451 266 8
65451 256 8
65451 243 8
65451 230 8
65451 56 19
65451 47 27
65451 34 27
65451 10 19
65451 38 8
65451 25 8
65451 15 8
65451 268 190
65451 281 190
65451 294 190
25 222 120
25 205 120
25 116 120
25 92 120
25 75 120
25 212 105
25 208 105
25 199 105
25 185 105
25 164 105
25 155 105
25 138 105
25 128 105
25 115 105
25 99 105
25 236 95
25 223 95
25 214 95
25 193 95
25 180 95
25 171 95
25 161 95
25 144 95
25 131 95
25 122 95
25 101 95
25 88 95
25 75 95
25 183 124
25 259 108
65451 196 92
65451 174 82
65451 179 195
65451 179 195
65451 179 195
65451 64 55
65451 60 55
65451 49 55
65451 38 55
65451 34 55
65451 28 55
65451 15 55
65451 121 43
65451 108 43
65451 95 43
65451 85 43
65451 72 43
65451 59 43
65451 38 43
65451 25 43
65451 15 43
65451 275 63
65451 245 63
65451 270 52
65451 261 52
65451 248 52
65451 235 52
65451 281 41
65451 265 41
65451 252 41
65451 239 41
65451 230 41
65451 260 19
65451 296 8
65451 283 8
65451 279 8
65451 270 8
65451 266 8
65451 256 8
65451 243 8
65451 230 8
65451 56 19
65451 47 27
65451 34 27
65451 10 19
65451 38 8
65451 25 8
65451 15 8
65451 268 190
65451 281 190
65451 294 190
25 222 120
25 205 120
25 116 120
25 92 120
25 75 120
25 212 105
25 208 105
25 199 105
25 185 105
25 164 105
25 155 105
25 138 105
25 128 105
25 115 105
25 99 105
25 236 95
25 223 95
25 214 95
25 193 95
25 180 95
25 171 95
25 161 95
25 144 95
25 131 95
25 122 95
25 101 95
25 88 95
25 75 95
25 183 124
25 259 108
65451 196 92
65451 174 82
65451 179 195
65451 179 195
65451 179 195
65451 64 55
65451 60 55
65451 49 55
65451 38 55
65451 34 55
65451 28 55
65451 15 55
65451 121 43
65451 108 43
65451 95 43
65451 85 43
65451 72 43
65451 59 43
65451 38 43
65451 25 43
65451 15 43
65451 275 63
65451 245 63
65451 270 52
65451 261 52
65451 248 52
65451 235 52
65451 281 41
65451 265 41
65451 252 41
65451 239 41
65451 230 41
65451 260 19
65451 296 8
65451 283 8
65451 279 8
65451 270 8
65451 266 8
65451 256 8
65451 243 8
65451 230 8
65451 56 19
65451 47 27
65451 34 27
65451 10 19
65451 38 8
65451 25 8
65451 15 8
65451 268 190
65451 281 190
65451 294 190
25 222 120
25 205 120
25 116 120
25 92 120
25 75 120
25 212 105
25 208 105
25 199 105
25 185 105
25 164 105
25 155 105
25 138 105
25 128 105
25 115 105
25 99 105
25 236 95
25 223 95
25 214 95
25 193 95
25 180 95
25 171 95
25 161 95
25 144 95
25 131 95
25 122 95
25 101 95
25 88 95
25 75 95
25 183 124
25 259 108
65451 196 92
65451 174 82
65451 179 195
65451 179 195
65451 179 195
65451 64 55
65451 60 55
65451 49 55
65451 38 55
65451 34 55
65451 28 55
65451 15 55
65451 121 43
65451 108 43
65451 95 43
65451 85 43
65451 72 43
65451 59 43
65451 38 43
65451 25 43
65451 15 43
65451 275 63
65451 245 63
65451 270 52
65451 261 52
65451 248 52
65451 235 52
65451 281 41
65451 265 41
65451 252 41
65451 239 41
65451 230 41
65451 260 19
65451 296 8
65451 283 8
65451 279 8
65451 270 8
65451 266 8
65451 256 8
65451 243 8
65451 230 8
65451 56 19
65451 47 27
65451 34 27
65451 10 19
65451 38 8
65451 25 8
65451 15 8
65451 268 190
65451 281 190
65451 294 190
25 222 120
25 205 120
25 116 120
25 92 120
25 75 120
25 212 105
25 208 105
25 199 105
25 185 105
25 164 105
25 155 105
25 138 105
25 128 105
25 115 105
25 99 105
25 236 95
25 223 95
25 214 95
25 193 95
25 180 95
25 171 95
25 161 95
25 144 95
25 131 95
25 122 95
25 101 95
25 88 95
25 75 95
25 183 124
25 259 108
65451 196 92
65451 174 82
65451 179 195
65451 179 195
65451 179 195
65451 64 55
65451 60 55
65451 49 55
65451 38 55
65451 34 55
65451 28 55
65451 15 55
65451 121 43
65451 108 43
65451 95 43
65451 85 43
65451 72 43
65451 59 43
65451 38 43
65451 25 43
65451 15 43
65451 275 63
65451 245 63
65451 270 52
65451 261 52
65451 248 52
65451 235 52
65451 281 41
65451 265 41
65451 252 41
65451 239 41
65451 230 41
65451 260 19
65451 296 8
65451 283 8
65451 279 8
65451 270 8
65451 266 8
65451 256 8
65451 243 8
65451 230 8
65451 56 19
65451 47 27
65451 34 27
65451 10 19
65451 38 8
65451 25 8
65451 15 8
65451 268 190
65451 281 190
65451 294 190
25 222 120
25 205 120
25 116 120
25 92 120
25 75 120
25 212 105
25 208 105
25 199 105
25 185 105
25 164 105
25 155 105
25 138 105
25 128 105
25 115 105
25 99 105
25 236 95
25 223 95
25 214 95
25 193 95
25 180 95
25 171 95
25 161 95
25 144 95
25 131 95
25 122 95
25 101 95
25 88 95
25 75 95
25 183 124
25 259 108
65451 196 92
65451 174 82
65451 179 195
65451 179 195
65451 179 195
65451 64 55
65451 60 55
65451 49 55
65451 38 55
65451 34 55
65451 28 55
65451 15 55
65451 121 43
65451 108 43
65451 95 43
65451 85 43
65451 72 43
65451 59 43
65451 38 43
65451 25 43
65451 15 43
65451 275 63
65451 245 63
65451 270 52
65451 261 52
65451 248 52
65451 235 52
65451 281 41
65451 265 41
65451 252 41
65451 239 41
65451 230 41
65451 260 19
65451 296 8
65451 283 8
65451 279 8
65451 270 8
65451 266 8
65451 256 8
65451 243 8
65451 230 8
65451 56 19
65451 47 27
65451 34 27
65451 10 19
65451 38 8
65451 25 8
65451 15 8
65451 268 190
65451 281 190
65451 294 190
25 222 120
25 205 120
25 116 120
25 92 120
25 75 120
25 212 105
25 208 105
25 199 105
25 185 105
25 164 105
25 155 105
25 138 105
25 128 105
25 115 105
25 99 105
25 236 95
25 223 95
25 214 95
25 193 95
25 180 95
25 171 95
25 161 95
25 144 95
25 131 95
25 122 95
25 101 95
25 88 95
25 75 95
